{"mat":[{"dmap":"ARTIC_Working1.png","a":[0.5,0.5,0.5],"d":[1,1,1]}],"hierarchy":{"id":0,"children":[{"id":1,"children":[{"id":2,"matrix":[1,0,0,0,0,1,0,0,0,0,1,0,0,0,0,1],"name":"root.3.0.0","mat":0,"geom":0,"skin":0},{"id":3,"children":[{"id":4,"isJoint":true,"matrix":[0.0015099475858733058,-0.17364922165870667,0.9848063588142395,0,0.026107264682650566,0.9844786524772644,0.17355139553546906,0,-0.9996579885482788,0.02544853836297989,0.006020016502588987,0,-0.6500779986381531,15.9024076461792,0.0033730000723153353,1],"name":"Bip01","children":[{"id":5,"isJoint":true,"matrix":[0.0003453195095062256,1,-2.9802322387695313e-8,0,-0.000001341104507446289,0,-1,0,-1,0.0003453195095062256,0.0000012814998626708984,0,-2.27693510055542,-1.238186001777649,-0.000003000000106112566,1],"name":"Bip01 Pelvis","children":[{"id":6,"isJoint":true,"matrix":[0.9868051409721375,-0.11185827106237411,0.1170608177781105,0,0.11901658773422241,0.9913095831871033,-0.05603927746415138,0,-0.10977505147457123,0.0692320317029953,0.991542398929596,0,1.7971450090408325,-0.0000019999999949504854,-0.7117959856987,1],"name":"Bip01 Spine","children":[{"id":7,"isJoint":true,"matrix":[0.926179051399231,0.04164169356226921,-0.37477773427963257,0,-0.06685465574264526,0.996272087097168,-0.054520104080438614,0,0.3711102604866028,0.07555101066827774,0.9255102276802063,0,4.118605136871338,0,0.0032790000550448895,1],"name":"Bip01 Spine1","children":[{"id":8,"isJoint":true,"matrix":[0.9948235750198364,0.09717827290296555,-0.029706554487347603,0,-0.09908857196569443,0.9925015568733215,-0.0715685561299324,0,0.022528894245624542,0.07414165139198303,0.9969931244850159,0,4.118600845336914,0,0.003280000062659383,1],"name":"Bip01 Spine2","children":[{"id":9,"isJoint":true,"matrix":[0.9502564072608948,0.09216675907373428,0.2975199222564697,0,-0.06542918086051941,0.9929708242416382,-0.09863003343343735,0,-0.30451899766921997,0.07425734400749207,0.9496073126792908,0,4.118599891662598,0,0.003280000062659383,1],"name":"Bip01 Spine3","children":[{"id":10,"isJoint":true,"matrix":[0.8052647709846497,-0.047585975378751755,-0.5910027623176575,0,0.07824249565601349,0.9965856671333313,0.026366081088781357,0,0.5877302289009094,-0.06747320294380188,0.8062385320663452,0,4.118531227111816,0,0.0035379999317228794,1],"name":"Bip01 Neck","children":[{"id":11,"isJoint":true,"matrix":[0.8110817074775696,0.31843841075897217,-0.49065613746643066,0,-0.02295111119747162,0.855504035949707,0.5172871947288513,0,0.5844824314117432,-0.40830108523368835,0.7011922001838684,0,4.443601131439209,0,0,1],"name":"Bip01 Head","children":[{"id":12,"isJoint":true,"matrix":[3.8277357816696167e-7,0.9999999403953552,0,0,0.9832808375358582,-2.728775143623352e-7,0.1820949912071228,0,0.1820949912071228,-5.960464477539063e-8,-0.9832808375358582,0,1.4266259670257568,0.00291300006210804,-0.07272399961948395,1],"name":"Bone01","invBindMatrix":[1,0.0000016653631291774218,-0.000001223083131662861,0,-0.000001665786157900584,1,-0.00034566226531751454,0,0.0000012225082173245028,0.00034566226531751454,1,0,-0.23668479919433594,-61.05780792236328,-0.9219061136245728,1]}],"invBindMatrix":[0.0000017415973161405418,1,0.0000015058885765029117,0,0.9832179546356201,-0.000001987096538869082,0.18243488669395447,0,0.18243487179279327,0.0000011628892480075592,-0.9832179546356201,0,-58.77822494506836,-0.23375211656093597,-10.284552574157715,1]},{"id":13,"isJoint":true,"matrix":[0.06727531552314758,0.9706624150276184,-0.23084311187267303,0,0.8051831126213074,0.08381178975105286,0.5870739221572876,0,0.5891979932785034,-0.22536656260490417,-0.7759225368499756,0,-0.08098813146352768,1.728814959526062,-0.11681900173425674,1],"name":"Bip01 L Clavicle","children":[{"id":14,"isJoint":true,"matrix":[0.5609627366065979,-0.7069905996322632,0.4306795299053192,0,0.7157559990882874,0.6756057143211365,0.17677737772464752,0,-0.4159495234489441,0.2090959995985031,0.8850225210189819,0,6.3847761154174805,9.999999974752427e-7,0,1],"name":"Bip01 L UpperArm","children":[{"id":15,"isJoint":true,"matrix":[0.618414580821991,0,0.7858520150184631,0,0,1,0,0,-0.7858520150184631,0,0.618414580821991,0,10.242682456970215,-0.0000019999999949504854,0,1],"name":"Bip01 L Forearm","children":[{"id":16,"isJoint":true,"matrix":[0.5933495163917542,0.7008590698242188,-0.39589497447013855,0,-0.7893285751342773,0.4101928472518921,-0.45683932304382324,0,-0.1577867567539215,0.5835566520690918,0.7965958714485168,0,11.375561714172363,0.000004999999873689376,0,1],"name":"Bip01 L Hand","children":[{"id":17,"isJoint":true,"matrix":[0.493638277053833,0.3366244435310364,-0.8018760681152344,0,0.28991174697875977,0.8056115508079529,0.5166634917259216,0,0.8199222087860107,-0.48751816153526306,0.3000893294811249,0,0.7286790013313293,-1.0082919597625732,-0.02342900075018406,1],"name":"Bip01 L Finger0","children":[{"id":18,"isJoint":true,"matrix":[0.3711724877357483,0,0.9285639524459839,0,0,1,0,0,-0.9285639524459839,0,0.3711724877357483,0,2.1364970207214355,9.999999974752427e-7,0,1],"name":"Bip01 L Finger01","invBindMatrix":[0.9120627045631409,0.39678090810775757,-0.10347193479537964,0,-0.40681368112564087,0.9072245359420776,-0.10698729753494263,0,0.051421791315078735,0.13967293500900269,0.9888617396354675,0,-8.010087966918945,-61.71323776245117,6.6962785720825195,1]}],"invBindMatrix":[0.8451161980628967,0.3967808783054352,-0.3582504093647003,0,-0.4204470217227936,0.9072245955467224,0.012959656305611134,0,0.3301558196544647,0.13967293500900269,0.9335355758666992,0,-3.6418893337249756,-61.713233947753906,8.695508003234863,1]},{"id":19,"isJoint":true,"matrix":[0.8745049834251404,-0.3982287049293518,-0.27686628699302673,0,0.470603883266449,0.8348110914230347,0.28569644689559937,0,0.11735852807760239,-0.3801373243331909,0.9174544215202332,0,3.1155049800872803,-0.021431000903248787,0.886040985584259,1],"name":"Bip01 L Finger1","children":[{"id":20,"isJoint":true,"matrix":[0.8619905710220337,0,-0.5069243311882019,0,0,1,0,0,0.5069243311882019,0,0.8619905710220337,0,2.011151075363159,0,0,1],"name":"Bip01 L Finger11","invBindMatrix":[0.7374560832977295,-0.0038130637258291245,0.6753840446472168,0,-0.6752587556838989,0.01591511070728302,0.7374092936515808,0,-0.013560604304075241,-0.9998661875724792,0.00916189607232809,0,11.617374420166016,-0.029777707532048225,-64.43749237060547,1]},{"id":21,"isJoint":true,"matrix":[0.9646967649459839,0,-0.26336315274238586,0,0,1,0,0,0.26336315274238586,0,0.9646967649459839,0,1.734173059463501,0,-0.000003000000106112566,1],"name":"-- L knuckle","invBindMatrix":[0.9162704944610596,-0.0038130641914904118,0.4005415737628937,0,-0.40043821930885315,0.01591510884463787,0.9161855578422546,0,-0.009868140332400799,-0.9998661875724792,0.013055654242634773,0,-9.587910652160645,-0.02977771684527397,-64.64143371582031,1]}],"invBindMatrix":[0.9966385960578918,-0.0038130644243210554,0.0818338394165039,0,-0.0817636176943779,0.01591511070728302,0.9965247511863708,0,-0.005102208349853754,-0.9998661279678345,0.015549848787486553,0,-28.29374122619629,-0.029777681455016136,-58.041080474853516,1]}],"invBindMatrix":[0.993942141532898,-0.003900558687746525,-0.10983405262231827,0,0.10988432914018631,0.016706814989447594,0.9938039779663086,0,-0.0020414129830896854,-0.9998530149459839,0.017034225165843964,0,-35.733154296875,-0.09229613095521927,-50.6899299621582,1]},{"id":22,"isJoint":true,"matrix":[1,0,0,0,0,0.4759317636489868,-0.8794822096824646,0,0,0.8794822096824646,0.4759317636489868,0,6.000000953674316,0,0,1],"name":"-- L Forearm twist","invBindMatrix":[0.9997429847717285,0.004328716080635786,0.022249527275562286,0,-0.022327395156025887,0.0188576802611351,0.9995728135108948,0,0.003907293546944857,-0.9998128414154053,0.018949488177895546,0,-23.35586166381836,-0.455581933259964,-54.96028137207031,1]},{"id":23,"isJoint":true,"matrix":[0.8907968401908875,0.3380209505558014,-0.3036821484565735,0,-0.41130945086479187,0.31573566794395447,-0.8550646305084229,0,-0.1931464523077011,0.8865962028503418,0.420287549495697,0,11.375561714172363,0.000004999999873689376,0,1],"name":"-- L wrist","invBindMatrix":[0.998636782169342,-0.000573988480027765,-0.05219317600131035,0,0.05219343677163124,0.021507050842046738,0.998405396938324,0,0.0005494483630172908,-0.9997685551643372,0.02150769904255867,0,-32.74272155761719,-0.4526536166667938,-52.66920471191406,1]}],"invBindMatrix":[0.9997429847717285,0.02221754379570484,-0.0044899918138980865,0,-0.022327397018671036,0.9994097352027893,-0.026107698678970337,0,0.003907293546944857,0.026201244443655014,0.999649167060852,0,-17.35586166381836,-54.95553207397461,0.8542304635047913,1]},{"id":24,"isJoint":true,"matrix":[-0.4368094205856323,0,0.8995540142059326,0,0,1,0,0,-0.8995540142059326,0,-0.4368094205856323,0,10.51012897491455,0,0,1],"name":"-- L Elbow","invBindMatrix":[-0.00048066952149383724,0.02221754565834999,-0.999752938747406,0,-0.026197027415037155,0.9994098544120789,0.022222520783543587,0,0.9996566772460938,0.026201242581009865,0.00010164671402890235,0,0.7856918573379517,-54.95553970336914,17.626590728759766,1]},{"id":25,"isJoint":true,"matrix":[1,0,0,0,0,0.9997962117195129,0.020188895985484123,0,0,-0.020188895985484123,0.9997962117195129,0,5.5,-9.999999974752427e-7,0,1],"name":"-- L bicep twist","invBindMatrix":[0.9997469186782837,0.02217438444495201,0.003784233471378684,0,-0.022117456421256065,0.9996505379676819,-0.014477199874818325,0,-0.004103933926671743,0.014389841817319393,0.9998880624771118,0,-12.619467735290527,-54.96014404296875,0.06583504378795624,1]}],"invBindMatrix":[0.9997469186782837,0.02221754565834999,0.003522007493302226,0,-0.022117458283901215,0.9994098544120789,-0.026285788044333458,0,-0.004103934392333031,0.026201244443655014,0.9996483325958252,0,-7.119467735290527,-54.955543518066406,0.7151146531105042,1]},{"id":26,"isJoint":true,"matrix":[0.7843230366706848,-0.49316075444221497,0.3763374090194702,0,0.4818696975708008,0.8663849234580994,0.13106736540794373,0,-0.3906903564929962,0.0785464271903038,0.9171648621559143,0,6.551490783691406,-9.999999974752427e-7,0,1],"name":"-- L shoulder outside","invBindMatrix":[0.9998688697814941,0.013985459692776203,0.008164109662175179,0,-0.013814347796142101,0.9996912479400635,-0.02065262943506241,0,-0.00845042522996664,0.02053713984787464,0.9997534155845642,0,-7.738794803619385,-54.88920593261719,0.36614370346069336,1]},{"id":27,"isJoint":true,"matrix":[0.9489903450012207,-0.24918584525585175,0.193193256855011,0,0.24648039042949677,0.968390166759491,0.0383119210600853,0,-0.1966332644224167,0.011260702274739742,0.9804124236106873,0,6.551490783691406,-9.999999974752427e-7,0,1],"name":"-- L Shoulder inside","invBindMatrix":[0.9991465210914612,0.041112352162599564,0.004002830013632774,0,-0.04106748476624489,0.9990988969802856,-0.010711916722357273,0,-0.004439615644514561,0.01053838711231947,0.9999346733093262,0,-6.242710590362549,-55.08045196533203,-0.14308321475982666,1]}],"invBindMatrix":[0.9976133704185486,0.06904634088277817,0.00000141609768888884,0,-0.06904634833335876,0.9976134300231934,-0.00036407445441000164,0,-0.000026550760594545864,0.0003631078579928726,1,0,1.8512295484542847,-55.22951889038086,-0.6758883595466614,1]},{"id":28,"isJoint":true,"matrix":[-0.22065693140029907,-0.930211067199707,-0.2932877838611603,0,-0.7851963043212891,0.3477977514266968,-0.512350857257843,0,0.5785993337631226,0.11723470687866211,-0.8071423172950745,0,0.08099613338708878,-1.728814959526062,0.10974200069904327,1],"name":"Bip01 R Clavicle","children":[{"id":29,"isJoint":true,"matrix":[0.8455613851547241,0.2818182110786438,0.4534362852573395,0,0.12453462928533554,0.7217787504196167,-0.6808278560638428,0,-0.5191503167152405,0.6321502327919006,0.5752120614051819,0,6.384777069091797,-9.999999974752427e-7,0,1],"name":"Bip01 R UpperArm","children":[{"id":30,"isJoint":true,"matrix":[-0.16954004764556885,0,0.9855232238769531,0,0,1,0,0,-0.9855232238769531,0,-0.16954004764556885,0,10.242680549621582,0.0000019999999949504854,0,1],"name":"Bip01 R Forearm","children":[{"id":31,"isJoint":true,"matrix":[0.8604985475540161,-0.20438678562641144,0.4666564464569092,0,-0.45702606439590454,0.0950307846069336,0.8843620419502258,0,-0.2250986546278,-0.9742664694786072,-0.011636234819889069,0,11.375561714172363,-0.0000019999999949504854,0,1],"name":"Bip01 R Hand","children":[{"id":32,"isJoint":true,"matrix":[0.9280636310577393,0.31369882822036743,-0.20072616636753082,0,-0.20869195461273193,-0.00835157185792923,-0.9779457449913025,0,-0.3084568381309509,0.9494858384132385,0.05771563574671745,0,0.7286790013313293,1.0082919597625732,-0.02342900075018406,1],"name":"Bip01 R Finger0","children":[{"id":33,"isJoint":true,"matrix":[0.2840335965156555,0,-0.9588143229484558,0,0,1,0,0,0.9588143229484558,0,0.2840335965156555,0,2.136496067047119,0,9.999999974752427e-7,1],"name":"Bip01 R Finger01","invBindMatrix":[-0.912063479423523,0.3967787027359009,0.10347454994916916,0,-0.40681177377700806,-0.907225489616394,-0.10698629915714264,0,0.05142492428421974,-0.13967300951480865,0.988861620426178,0,-7.5835957527160645,61.52769088745117,6.647825717926025,1]}],"invBindMatrix":[-0.8451160788536072,0.3967787027359009,0.3582531809806824,0,-0.4204448461532593,-0.9072254300117493,0.012960071675479412,0,0.3301587998867035,-0.13967299461364746,0.9335346817970276,0,-3.2467257976531982,61.527687072753906,8.527924537658691,1]},{"id":34,"isJoint":true,"matrix":[0.9372172951698303,-0.31081557273864746,-0.15816891193389893,0,0.34772124886512756,0.8675705790519714,0.35554343461990356,0,0.02671424299478531,-0.3882201611995697,0.9211793541908264,0,3.1155049800872803,0.021431000903248787,0.8860399723052979,1],"name":"Bip01 R Finger1","children":[{"id":35,"isJoint":true,"matrix":[-0.48923444747924805,0,-0.8721523880958557,0,0,1,0,0,0.8721523880958557,0,-0.48923444747924805,0,2.011151075363159,0,0,1],"name":"Bip01 R Finger11","invBindMatrix":[-0.7374575734138489,-0.0038102639373391867,-0.675382673740387,0,-0.6752572655677795,-0.015913913026452065,0.7374106049537659,0,-0.01355771068483591,0.999866247177124,0.009162930771708488,0,11.962212562561035,0.031494978815317154,-64.12166595458984,1]},{"id":36,"isJoint":true,"matrix":[0.5047197937965393,0,-0.8632832169532776,0,0,1,0,0,0.8632832169532776,0,0.5047197937965393,0,1.734173059463501,0,9.999999974752427e-7,1],"name":"-- R knuckle","invBindMatrix":[-0.9162713885307312,-0.0038102634716778994,-0.40053972601890564,0,-0.40043628215789795,-0.015913913026452065,0.9161862730979919,0,-0.009865066967904568,0.9998663067817688,0.013055697083473206,0,-9.159457206726074,0.03149495646357536,-64.45411682128906,1]}],"invBindMatrix":[-0.996638834476471,-0.003810263704508543,-0.08183181285858154,0,-0.08176159113645554,-0.015913911163806915,0.9965247511863708,0,-0.00509928772225976,0.999866247177124,0.015548891387879848,0,-27.827699661254883,0.03149482235312462,-58.0027961730957,1]}],"invBindMatrix":[-0.9939420223236084,-0.0038977598305791616,0.10983610153198242,0,0.10988634079694748,-0.016705617308616638,0.9938037395477295,0,-0.0020387282129377127,0.9998530149459839,0.01703272946178913,0,-35.268367767333984,0.09405422955751419,-50.741275787353516,1]},{"id":37,"isJoint":true,"matrix":[0.9597122669219971,-0.1155075952410698,0.256145179271698,0,-0.2534637749195099,0.03758468106389046,0.9666144847869873,0,-0.12127844989299774,-0.9925953149795532,0.0067934878170490265,0,11.389366149902344,0.15878500044345856,0.0008190000080503523,1],"name":"-- R wrist","invBindMatrix":[-0.998636782169342,-0.0005711993435397744,0.052195243537425995,0,0.05219544470310211,-0.02150586061179638,0.9984052777290344,0,0.0005522154388017952,0.9997687339782715,0.021506361663341522,0,-32.27769470214844,0.45271730422973633,-52.53423309326172,1]},{"id":38,"isJoint":true,"matrix":[1,0,0,0,0,0.03792309761047363,0.9992806315422058,0,0,-0.9992806315422058,0.03792309761047363,0,6.000000953674316,0.000003000000106112566,0,1],"name":"-- R forearm twist","invBindMatrix":[-0.9997431635856628,0.0043877167627215385,-0.022236457094550133,0,-0.022325385361909866,-0.02138235792517662,0.9995220899581909,0,0.003910152707248926,0.9997618794441223,0.021474823355674744,0,-22.88836669921875,0.5923486948013306,-54.94855499267578,1]}],"invBindMatrix":[-0.9997431635856628,0.0222154688090086,0.004492771811783314,0,-0.022325381636619568,-0.9994097948074341,-0.026106514036655426,0,0.003910152241587639,-0.02620011568069458,0.999649167060852,0,-16.888364791870117,54.94514465332031,0.8520649671554565,1]},{"id":39,"isJoint":true,"matrix":[-0.7647022008895874,0,0.6443838477134705,0,0,1,0,0,-0.6443838477134705,0,-0.7647022008895874,0,10.510129928588867,-9.999999974752427e-7,0,1],"name":"-- R Elbow","invBindMatrix":[0.00048344884999096394,0.0222154650837183,0.9997530579566956,0,-0.026195833459496498,-0.9994097948074341,0.02222050540149212,0,0.9996567368507385,-0.02620011381804943,0.00009878828132059425,0,0.7854010462760925,54.94514465332031,17.159093856811523,1]},{"id":40,"isJoint":true,"matrix":[1,0,0,0,0,0.9731705188751221,0.23008495569229126,0,0,-0.23008495569229126,0.9731705188751221,0,5.499999046325684,9.999999974752427e-7,0,1],"name":"-- R bicep twist","invBindMatrix":[-0.9997470378875732,0.022178972139954567,-0.0037423342000693083,0,-0.022115448489785194,-0.9996234774589539,-0.016238363459706306,0,-0.004101076629012823,-0.016151493415236473,0.9998612403869629,0,-12.151968955993652,54.94956970214844,0.16441521048545837,1]}],"invBindMatrix":[-0.9997470378875732,0.0222154650837183,-0.0035192284267395735,0,-0.022115448489785194,-0.9994097948074341,-0.026284588500857353,0,-0.004101076163351536,-0.02620011381804943,0.9996484518051147,0,-6.6519694328308105,54.94514465332031,0.7166956067085266,1]},{"id":41,"isJoint":true,"matrix":[0.9747800827026367,0.04284575581550598,0.21901606023311615,0,0.009757200255990028,0.9722762703895569,-0.233631432056427,0,-0.22295422852039337,0.22987625002861023,0.9473375082015991,0,6.551490783691406,9.999999974752427e-7,0,1],"name":"-- R Shoulder inside","invBindMatrix":[-0.9991466403007507,0.041110314428806305,-0.003999021835625172,0,-0.04106547683477402,-0.9990990161895752,-0.010710648261010647,0,-0.00443573622033,-0.0105372853577137,0.9999346733093262,0,-5.775492191314697,55.06122589111328,-0.14127297699451447,1]},{"id":42,"isJoint":true,"matrix":[0.9747800827026367,0.04284575581550598,0.21901606023311615,0,0.009757200255990028,0.9722762703895569,-0.233631432056427,0,-0.22295422852039337,0.22987625002861023,0.9473375082015991,0,6.551490783691406,9.999999974752427e-7,0,1],"name":"-- R shoulder outside","invBindMatrix":[-0.9991466403007507,0.041110314428806305,-0.003999021835625172,0,-0.04106547683477402,-0.9990990161895752,-0.010710648261010647,0,-0.00443573622033,-0.0105372853577137,0.9999346733093262,0,-5.775492191314697,55.06122589111328,-0.14127297699451447,1]}],"invBindMatrix":[-0.9976135492324829,0.06904435157775879,0.0000014160940509100328,0,-0.0690443366765976,-0.9976135492324829,-0.0003628832346294075,0,-0.000023642231099074706,-0.00036211422411724925,1,0,2.31773042678833,55.19722366333008,-0.6759535670280457,1]}],"invBindMatrix":[0.0000010282988114340696,1,0.0000013267512031234219,0,0.9998330473899841,-0.0000010038785376309534,-0.018276657909154892,0,-0.018276657909154892,0.0000013453239944283268,-0.9998329877853394,0,-55.203330993652344,-0.2338108867406845,1.7016723155975342,1]},{"id":43,"isJoint":true,"matrix":[0.9352545738220215,-0.032022733241319656,-0.3525243103504181,0,0.04193359240889549,0.9989098310470581,0.020511381328105927,0,0.35148319602012634,-0.03396597504615784,0.9355778098106384,0,4.226143836975098,0,0.003200999926775694,1],"name":"-- Neck smooth","invBindMatrix":[0.0000010023180720963865,1,0.0000013464864423440304,0,0.9999993443489075,-0.0000010038785376309534,0.0011593266390264034,0,0.0011593266390264034,0.0000013453241081151646,-0.9999994039535522,0,-55.33358383178711,-0.2338109016418457,0.628768265247345,1]}],"invBindMatrix":[0.0000010023180720963865,1,0.0000013464864423440304,0,0.9999993443489075,-0.0000010038785376309534,0.0011593266390264034,0,0.0011593266390264034,0.0000013453241081151646,-0.9999994039535522,0,-51.107444763183594,-0.2338108867406845,0.6319692730903625,1]},{"id":44,"isJoint":true,"matrix":[3.988388925790787e-7,-0.9999999403953552,-3.725290298461914e-9,0,0.995474636554718,3.9744190871715546e-7,-0.0950273871421814,0,0.0950273871421814,3.3527612686157227e-8,0.995474636554718,0,1.5583410263061523,-0.2338559925556183,6.903261184692383,1],"name":"Bomb","invBindMatrix":[-1,0.0000011951323131143,0.0000014667031109638629,0,0.00000133067328533798,0.9953629970550537,0.09619037061929703,0,-0.00000134494212034042,0.09619037061929703,-0.9953629970550537,0,-0.00006095425123930909,-47.73181915283203,-10.853418350219727,1]}],"invBindMatrix":[0.000001002306021291588,1,0.000001346495537291048,0,0.9999993443489075,-0.0000010038785376309534,0.001168326591141522,0,0.001168326591141522,0.0000013453241081151646,-0.9999994039535522,0,-46.98884582519531,-0.2338108867406845,0.6347892880439758,1]}],"invBindMatrix":[0.0000010023720733443042,1,0.0000013464463108903146,0,0.999999463558197,-0.0000010038785376309534,0.0011193265672773123,0,0.001119326683692634,0.0000013453239944283268,-0.9999994039535522,0,-42.870216369628906,-0.2338109016418457,0.6403716802597046,1]}],"invBindMatrix":[0.0000010024190260082833,1,0.0000013464111816574587,0,0.9999994039535522,-0.0000010038784239441156,0.001084326533600688,0,0.001084326533600688,0.0000013453238807414891,-0.9999994039535522,0,-38.751583099365234,-0.2338109016418457,0.6451511383056641,1]},{"id":45,"isJoint":true,"matrix":[-0.9467487335205078,0.04485129565000534,-0.3188340663909912,0,-0.048512257635593414,-0.9988163113594055,0.003546411171555519,0,-0.3182976543903351,0.018824923783540726,0.9478040337562561,0,0.000004999999873689376,-3.713578939437866,0.000004999999873689376,1],"name":"-- R Butt","invBindMatrix":[-0.08450855314731598,-0.9963995218276978,-0.006792218424379826,0,-0.9944181442260742,0.08476875722408295,-0.06282296776771545,0,0.06317255645990372,0.0014452269533649087,-0.9980015158653259,0,36.455223083496094,-6.599706649780273,2.2727320194244385,1]},{"id":46,"isJoint":true,"matrix":[-0.9072890281677246,0.16329309344291687,-0.3875074088573456,0,-0.08597766607999802,-0.9740917086601257,-0.20917244255542755,0,-0.41162416338920593,-0.1564628630876541,0.8978222608566284,0,-0.000004999999873689376,3.713578939437866,-0.000004999999873689376,1],"name":"-- L butt","invBindMatrix":[0.07045237720012665,-0.9975011348724365,0.0052831582725048065,0,-0.9961289167404175,-0.07063260674476624,-0.05232670158147812,0,0.052569109946489334,-0.00157616613432765,-0.998616099357605,0,36.53413009643555,6.5476789474487305,1.8876079320907593,1]},{"id":47,"isJoint":true,"matrix":[-0.6484729051589966,0.33813706040382385,-0.682016134262085,0,-0.07114788889884949,-0.9189307689666748,-0.3879484236240387,0,-0.7579054832458496,-0.20305004715919495,0.6199596524238586,0,-0.000004999999873689376,3.6190810203552246,-0.000007000000096013537,1],"name":"Bip01 L Thigh","children":[{"id":48,"isJoint":true,"matrix":[-0.44613194465637207,0,0.8949671387672424,0,0,1,0,0,-0.8949671387672424,0,-0.44613194465637207,0,16.57391929626465,0,0,1],"name":"Bip01 L Calf","children":[{"id":49,"isJoint":true,"matrix":[0.9952549338340759,-0.00903087854385376,0.09688182175159454,0,-0.017332851886749268,0.9633038640022278,0.2678529918193817,0,-0.09574557840824127,-0.26826122403144836,0.9585763812065125,0,15.128178596496582,9.999999974752427e-7,0,1],"name":"Bip01 L Foot","children":[{"id":50,"isJoint":true,"matrix":[-0.2681013345718384,0,-0.9633907079696655,0,0,1,0,0,0.9633907079696655,0,-0.2681013345718384,0,5.758665084838867,0,-4.244729995727539,1],"name":"Bip01 L Toe0","invBindMatrix":[0.0000012187121001261403,-1,-0.0000011251682963120402,0,-0.0003460039442870766,0.0000011269449942119536,-0.9999998807907104,0,1,0.0000012176283235021401,-0.00034599649370647967,0,-4.46506404876709,8.25418758392334,-0.09339744597673416,1]}],"invBindMatrix":[-0.0000011251680689383647,-1,-0.0000012187124411866535,0,-1,0.000001126945221585629,0.0003456771664787084,0,-0.00034566971589811146,0.0000012176283235021401,-1,0,5.665266513824463,8.25418758392334,0.2203342616558075,1]},{"id":51,"isJoint":true,"matrix":[0.9986175894737244,-0.0012519995216280222,0.052548740059137344,0,-0.005907418206334114,0.9907095432281494,0.13586661219596863,0,-0.05223064497113228,-0.1359892189502716,0.9893325567245483,0,15.708951950073242,0,-9.999999974752427e-7,1],"name":"-- L ankle","invBindMatrix":[0.061855167150497437,-0.9980757832527161,-0.004324658773839474,0,-0.9974382519721985,-0.061970487236976624,0.03572641685605049,0,-0.03592566400766373,0.0021037168335169554,-0.9993522763252258,0,4.569555759429932,8.633939743041992,0.03156523033976555,1]}],"invBindMatrix":[0.13880807161331177,-0.9902516007423401,-0.011582639999687672,0,-0.987318754196167,-0.1392877995967865,0.07616034150123596,0,-0.0770312026143074,0.0008640903397463262,-0.9970284104347229,0,19.592891693115234,8.962627410888672,-0.11423478275537491,1]},{"id":52,"isJoint":true,"matrix":[-0.6873736381530762,0,0.7263041138648987,0,0,1,0,0,-0.7263041138648987,0,-0.6873736381530762,0,17.210193634033203,9.999999974752427e-7,0,1],"name":"-- L Knee","invBindMatrix":[0.022628773003816605,-0.9902516007423401,-0.13744008541107178,0,-0.1669917106628418,-0.1392877995967865,0.976069986820221,0,-0.9856986403465271,0.0008640903979539871,-0.16851572692394257,0,4.61543083190918,8.962627410888672,-18.39480972290039,1]}],"invBindMatrix":[0.1388537734746933,-0.9902516007423401,0.011021293699741364,0,-0.9866369962692261,-0.1392878144979477,-0.08453573286533356,0,0.08524676412343979,0.0008640899905003607,-0.9963595271110535,0,35.92730712890625,8.962628364562988,3.0563087463378906,1]},{"id":53,"isJoint":true,"matrix":[-0.8786062002182007,0.06991824507713318,-0.4724007248878479,0,-0.07780855894088745,-0.996964156627655,-0.002842715010046959,0,-0.47116541862487793,0.03425920009613037,0.8813793063163757,0,0.000004999999873689376,-3.6190810203552246,0.000003000000106112566,1],"name":"Bip01 R Thigh","children":[{"id":54,"isJoint":true,"matrix":[0.5014356374740601,0,0.8651949167251587,0,0,1,0,0,-0.8651949167251587,0,0.5014356374740601,0,16.57391929626465,0,0,1],"name":"Bip01 R Calf","children":[{"id":55,"isJoint":true,"matrix":[0.8307842016220093,0.051961589604616165,-0.554163932800293,0,-0.041778240352869034,0.9986456632614136,0.03100620023906231,0,0.5550245046615601,-0.002607470378279686,0.8318299055099487,0,15.128178596496582,0,0,1],"name":"Bip01 R Foot","children":[{"id":56,"isJoint":true,"matrix":[-0.24185943603515625,0,-0.9703112840652466,0,0,1,0,0,0.9703112840652466,0,-0.24185943603515625,0,5.758665084838867,0,-4.2447309494018555,1],"name":"Bip01 R Toe0","invBindMatrix":[0.0000018555398355601938,-1,-0.0000016958231299213367,0,-0.0003457357524894178,0.0000016807450720079942,-0.9999998807907104,0,1,0.000001856706489888893,-0.0003457208222243935,0,-4.465074062347412,-7.786593914031982,-0.09339827299118042,1]}],"invBindMatrix":[-0.0000016958227888608235,-1,-0.000001855540176620707,0,-1,0.0000016807452993816696,0.00034540891647338867,0,-0.0003453940153121948,0.0000018567063762020553,-0.9999998807907104,0,5.665266036987305,-7.786593914031982,0.22034235298633575,1]},{"id":57,"isJoint":true,"matrix":[0.9183299541473389,0.03740526735782623,-0.3940442204475403,0,-0.032689984887838364,0.9992910623550415,0.018674440681934357,0,0.3944634199142456,-0.004267997108399868,0.9189016819000244,0,15.708951950073242,0,0,1],"name":"-- R Ankle","invBindMatrix":[-0.03546600788831711,-0.9993675947189331,0.0025681029073894024,0,-0.9991310834884644,0.03551367670297623,0.021816203370690346,0,-0.021893588826060295,-0.0017921378603205085,-0.9997586607933044,0,4.812239170074463,-8.042736053466797,0.08665373176336288,1]}],"invBindMatrix":[-0.13881108164787292,-0.9902511239051819,0.011579788289964199,0,-0.9873185157775879,0.13929058611392975,0.07616003602743149,0,-0.07703050225973129,-0.000861083623021841,-0.9970284104347229,0,19.657798767089844,-8.499590873718262,-0.11964192986488342,1]},{"id":58,"isJoint":true,"matrix":[-0.30831825733184814,0,0.9512832760810852,0,0,1,0,0,-0.9512832760810852,0,-0.30831825733184814,0,17.21019172668457,0,0,1],"name":"-- R Knee","invBindMatrix":[-0.02263227105140686,-0.9902511239051819,0.13744230568408966,0,-0.16699190437793732,0.13929057121276855,0.9760695099830627,0,-0.9856985211372375,-0.0008610779186710715,-0.1685163974761963,0,4.626020431518555,-8.499590873718262,-18.459074020385742,1]}],"invBindMatrix":[-0.13885626196861267,-0.9902511239051819,-0.011024592444300652,0,-0.9866365194320679,0.13929058611392975,-0.08453596383333206,0,0.0852474644780159,-0.0008610829245299101,-0.9963594079017639,0,35.992225646972656,-8.499591827392578,3.0614707469940186,1]}],"invBindMatrix":[4.581778012546778e-10,1,-0.0000026535894903645385,0,1,4.5817777349910216e-10,0.00034532678546383977,0,0.00034532678546383977,-0.0000026535894903645385,-0.9999998807907104,0,-36.953956604003906,-0.23384907841682434,-0.03800671175122261,1]}],"invBindMatrix":[0.000001326794858869107,0,-1,0,0,1,0,0,1,0,0.000001326794858869107,0,-2.2516891956329346,-38.1921501159668,0.2338460236787796,1]}],"matrix":[1,0,0,0,0,1,0,0,0,0,1,0,0,0,0,1],"name":"root.3.0.1"}],"matrix":[1,0,0,0,0,1,0,0,0,0,1,0,0,0,0,1],"anim":0,"name":"root.3.0"}],"matrix":[1,0,0,0,0,1,0,0,0,0,1,0,0,0,0,1],"name":"root.3"},"skin":[{"joint":["Bip01","Bip01 Pelvis","Bip01 Spine","Bip01 Spine1","Bip01 Spine2","Bip01 Spine3","Bip01 Neck","Bip01 Head","Bone01","Bip01 L Clavicle","Bip01 L UpperArm","Bip01 L Forearm","Bip01 L Hand","Bip01 L Finger0","Bip01 L Finger01","Bip01 L Finger1","Bip01 L Finger11","-- L knuckle","-- L Forearm twist","-- L wrist","-- L Elbow","-- L bicep twist","-- L shoulder outside","-- L Shoulder inside","Bip01 R Clavicle","Bip01 R UpperArm","Bip01 R Forearm","Bip01 R Hand","Bip01 R Finger0","Bip01 R Finger01","Bip01 R Finger1","Bip01 R Finger11","-- R knuckle","-- R wrist","-- R forearm twist","-- R Elbow","-- R bicep twist","-- R Shoulder inside","-- R shoulder outside","-- Neck smooth","-- R Butt","-- L butt","Bip01 L Thigh","Bip01 L Calf","Bip01 L Foot","Bip01 L Toe0","-- L ankle","-- L Knee","Bip01 R Thigh","Bip01 R Calf","Bip01 R Foot","Bip01 R Toe0","-- R Ankle","-- R Knee","Bomb"]}],"magic":"m5","geom":[{"uv":[0.328125,0.44726600000000005,0.302734,0.390625,0.230469,0.44726600000000005,0.230469,0.44726600000000005,0.302734,0.390625,0.230469,0.42968700000000004,0.302734,0.390625,0.232422,0.421875,0.230469,0.42968700000000004,0.230469,0.42968700000000004,0.232422,0.421875,0.181641,0.42968700000000004,0.232422,0.421875,0.179688,0.421875,0.181641,0.42968700000000004,0.181641,0.42968700000000004,0.179688,0.421875,0.109375,0.390625,0.179688,0.421875,0.152344,0.376953,0.109375,0.390625,0.109375,0.390625,0.152344,0.376953,0.136719,0.326172,0.152344,0.376953,0.162109,0.35351600000000005,0.136719,0.326172,0.136719,0.326172,0.162109,0.35351600000000005,0.15625,0.326172,0.162109,0.35351600000000005,0.199219,0.33984400000000003,0.15625,0.326172,0.15625,0.326172,0.199219,0.33984400000000003,0.199219,0.31640599999999997,0.199219,0.33984400000000003,0.212891,0.33984400000000003,0.199219,0.31640599999999997,0.199219,0.31640599999999997,0.212891,0.33984400000000003,0.212891,0.31640599999999997,0.212891,0.33984400000000003,0.253906,0.326172,0.212891,0.31640599999999997,0.212891,0.31640599999999997,0.253906,0.326172,0.210938,0.29296900000000003,0.253906,0.326172,0.253906,0.30468700000000004,0.210938,0.29296900000000003,0.210938,0.29296900000000003,0.253906,0.30468700000000004,0.234375,0.28515599999999997,0.253906,0.30468700000000004,0.267578,0.296875,0.234375,0.28515599999999997,0.234375,0.28515599999999997,0.267578,0.296875,0.271484,0.24023399999999995,0.267578,0.296875,0.296875,0.30468700000000004,0.271484,0.24023399999999995,0.271484,0.24023399999999995,0.296875,0.30468700000000004,0.322266,0.23046900000000003,0.296875,0.30468700000000004,0.363281,0.283203,0.322266,0.23046900000000003,0.322266,0.23046900000000003,0.363281,0.283203,0.394531,0.20898399999999995,0.363281,0.283203,0.40625,0.265625,0.394531,0.20898399999999995,0.824219,0.992187,0.824219,0.955078,0.759766,0.984375,0.759766,0.984375,0.824219,0.955078,0.755859,0.9589840000000001,0.824219,0.955078,0.771484,0.816406,0.755859,0.9589840000000001,0.755859,0.9589840000000001,0.771484,0.816406,0.736328,0.8125,0.771484,0.816406,0.775391,0.777344,0.736328,0.8125,0.736328,0.8125,0.775391,0.777344,0.730469,0.777344,0.775391,0.777344,0.787109,0.673828,0.730469,0.777344,0.730469,0.777344,0.787109,0.673828,0.714844,0.675781,0.787109,0.673828,0.730469,0.5410159999999999,0.714844,0.675781,0.714844,0.675781,0.730469,0.5410159999999999,0.683594,0.580078,0.730469,0.5410159999999999,0.634766,0.5410159999999999,0.683594,0.580078,0.683594,0.580078,0.634766,0.5410159999999999,0.65625,0.675781,0.634766,0.5410159999999999,0.585938,0.671875,0.65625,0.675781,0.65625,0.675781,0.585938,0.671875,0.632813,0.773437,0.585938,0.671875,0.587891,0.7714840000000001,0.632813,0.773437,0.632813,0.773437,0.587891,0.7714840000000001,0.626953,0.808594,0.587891,0.7714840000000001,0.59375,0.810547,0.626953,0.808594,0.626953,0.808594,0.59375,0.810547,0.605469,0.957031,0.59375,0.810547,0.535156,0.953125,0.605469,0.957031,0.605469,0.957031,0.535156,0.953125,0.605469,0.984375,0.535156,0.953125,0.535156,0.988281,0.605469,0.984375,0.056641,0.736328,0.099609,0.773437,0.068359,0.6171869999999999,0.068359,0.6171869999999999,0.099609,0.773437,0.111328,0.609375,0.099609,0.773437,0.134766,0.71875,0.111328,0.609375,0.111328,0.609375,0.134766,0.71875,0.175781,0.6171869999999999,0.134766,0.71875,0.177734,0.746094,0.175781,0.6171869999999999,0.175781,0.6171869999999999,0.177734,0.746094,0.210938,0.714844,0.177734,0.746094,0.210938,0.785156,0.210938,0.714844,0.210938,0.714844,0.210938,0.785156,0.292969,0.779297,0.210938,0.785156,0.285156,0.845703,0.292969,0.779297,0.292969,0.779297,0.285156,0.845703,0.308594,0.8222659999999999,0.285156,0.845703,0.298828,0.9277340000000001,0.308594,0.8222659999999999,0.308594,0.8222659999999999,0.298828,0.9277340000000001,0.328125,0.917969,0.298828,0.9277340000000001,0.308594,0.972656,0.328125,0.917969,0.328125,0.917969,0.308594,0.972656,0.359375,0.984375,0.990234,0.11132799999999998,0.972656,0.14257799999999998,0.990234,0.14453099999999997,0.990234,0.14453099999999997,0.972656,0.14257799999999998,0.994141,0.19531200000000004,0.972656,0.14257799999999998,0.949219,0.19726600000000005,0.994141,0.19531200000000004,0.994141,0.19531200000000004,0.949219,0.19726600000000005,0.970703,0.27539100000000005,0.949219,0.19726600000000005,0.867188,0.21289100000000005,0.970703,0.27539100000000005,0.970703,0.27539100000000005,0.867188,0.21289100000000005,0.867188,0.28125,0.867188,0.21289100000000005,0.75,0.25976600000000005,0.867188,0.28125,0.867188,0.28125,0.75,0.25976600000000005,0.771484,0.34960899999999995,0.75,0.25976600000000005,0.695313,0.34960899999999995,0.771484,0.34960899999999995,0.771484,0.34960899999999995,0.695313,0.34960899999999995,0.693359,0.37890599999999997,0.695313,0.34960899999999995,0.605469,0.33593700000000004,0.693359,0.37890599999999997,0.693359,0.37890599999999997,0.605469,0.33593700000000004,0.601563,0.36914100000000005,0.605469,0.33593700000000004,0.441406,0.36914100000000005,0.601563,0.36914100000000005,0.068359,0.6171869999999999,0.111328,0.609375,0.09375,0.773437,0.09375,0.773437,0.111328,0.609375,0.134766,0.71875,0.111328,0.609375,0.175781,0.6171869999999999,0.134766,0.71875,0.134766,0.71875,0.175781,0.6171869999999999,0.177734,0.746094,0.175781,0.6171869999999999,0.210938,0.714844,0.177734,0.746094,0.177734,0.746094,0.210938,0.714844,0.210938,0.785156,0.210938,0.714844,0.292969,0.779297,0.210938,0.785156,0.210938,0.785156,0.292969,0.779297,0.285156,0.845703,0.292969,0.779297,0.308594,0.8222659999999999,0.285156,0.845703,0.285156,0.845703,0.308594,0.8222659999999999,0.298828,0.9277340000000001,0.308594,0.8222659999999999,0.328125,0.917969,0.298828,0.9277340000000001,0.298828,0.9277340000000001,0.328125,0.917969,0.308594,0.972656,0.328125,0.917969,0.359375,0.984375,0.308594,0.972656,0.322266,0.23046900000000003,0.244141,0.19335899999999995,0.271484,0.24023399999999995,0.271484,0.24023399999999995,0.244141,0.19335899999999995,0.242188,0.234375,0.244141,0.19335899999999995,0.171875,0.234375,0.242188,0.234375,0.242188,0.234375,0.171875,0.234375,0.175781,0.28515599999999997,0.171875,0.234375,0.142578,0.24023399999999995,0.175781,0.28515599999999997,0.175781,0.28515599999999997,0.142578,0.24023399999999995,0.144531,0.296875,0.142578,0.24023399999999995,0.115234,0.30468700000000004,0.144531,0.296875,0.144531,0.296875,0.115234,0.30468700000000004,0.136719,0.326172,0.115234,0.30468700000000004,0.095703,0.35156200000000004,0.136719,0.326172,0.136719,0.326172,0.095703,0.35156200000000004,0.109375,0.390625,0.095703,0.35156200000000004,0.013672,0.38085899999999995,0.109375,0.390625,0.109375,0.390625,0.013672,0.38085899999999995,0.087891,0.44921900000000003,0.013672,0.38085899999999995,0.009766,0.44921900000000003,0.087891,0.44921900000000003,0.296875,0.30468700000000004,0.275391,0.330078,0.314453,0.35351600000000005,0.314453,0.35351600000000005,0.275391,0.330078,0.302734,0.390625,0.275391,0.330078,0.257813,0.376953,0.302734,0.390625,0.302734,0.390625,0.257813,0.376953,0.232422,0.421875,0.257813,0.376953,0.25,0.35351600000000005,0.232422,0.421875,0.232422,0.421875,0.25,0.35351600000000005,0.222656,0.375,0.25,0.35351600000000005,0.21875,0.35351600000000005,0.222656,0.375,0.222656,0.375,0.21875,0.35351600000000005,0.205078,0.36914100000000005,0.21875,0.35351600000000005,0.191406,0.35546900000000003,0.205078,0.36914100000000005,0.205078,0.36914100000000005,0.191406,0.35546900000000003,0.1875,0.375,0.191406,0.35546900000000003,0.162109,0.35351600000000005,0.1875,0.375,0.1875,0.375,0.162109,0.35351600000000005,0.179688,0.421875,0.162109,0.35351600000000005,0.152344,0.376953,0.179688,0.421875,0.666016,0.12109400000000003,0.666016,0.08398399999999995,0.607422,0.11132799999999998,0.607422,0.11132799999999998,0.666016,0.08398399999999995,0.613281,0.0625,0.666016,0.08398399999999995,0.642578,0.05273399999999995,0.613281,0.0625,0.613281,0.0625,0.642578,0.05273399999999995,0.664063,0.03320299999999998,0.642578,0.05273399999999995,0.6875,0.05273399999999995,0.664063,0.03320299999999998,0.664063,0.03320299999999998,0.6875,0.05273399999999995,0.716797,0.06054700000000002,0.6875,0.05273399999999995,0.666016,0.08398399999999995,0.716797,0.06054700000000002,0.716797,0.06054700000000002,0.666016,0.08398399999999995,0.720703,0.11132799999999998,0.666016,0.08398399999999995,0.666016,0.12109400000000003,0.720703,0.11132799999999998,0.720703,0.11132799999999998,0.666016,0.12109400000000003,0.664063,0.140625,0.666016,0.12109400000000003,0.607422,0.11132799999999998,0.664063,0.140625,0.664063,0.140625,0.607422,0.11132799999999998,0.625,0.15820299999999998,0.009766,0.5527340000000001,0.025391,0.5878909999999999,0.021484,0.5527340000000001,0.021484,0.5527340000000001,0.025391,0.5878909999999999,0.066406,0.5527340000000001,0.025391,0.5878909999999999,0.078125,0.5878909999999999,0.066406,0.5527340000000001,0.066406,0.5527340000000001,0.078125,0.5878909999999999,0.085938,0.527344,0.078125,0.5878909999999999,0.101563,0.5859369999999999,0.085938,0.527344,0.085938,0.527344,0.101563,0.5859369999999999,0.103516,0.529297,0.101563,0.5859369999999999,0.171875,0.5859369999999999,0.103516,0.529297,0.103516,0.529297,0.171875,0.5859369999999999,0.173828,0.529297,0.171875,0.5859369999999999,0.195313,0.53125,0.173828,0.529297,0.173828,0.529297,0.195313,0.53125,0.171875,0.5,0.195313,0.53125,0.1875,0.5058590000000001,0.171875,0.5,0.171875,0.5,0.1875,0.5058590000000001,0.185547,0.47460899999999995,0.435547,0.42578099999999997,0.478516,0.515625,0.494141,0.41796900000000003,0.494141,0.41796900000000003,0.478516,0.515625,0.548828,0.41796900000000003,0.478516,0.515625,0.564453,0.515625,0.548828,0.41796900000000003,0.548828,0.41796900000000003,0.564453,0.515625,0.611328,0.4257809999999